-29 0.000930263 0.00230837 0.000657056 
-28 -0.00259951 0.00194433 0.00366919 
-27 -0.00565648 0.000798741 -0.00296282 
-26 -0.0107762 -0.00437695 -0.00664288 
-25 -0.00925734 -0.00612049 -0.00852926 
-24 -0.010043 -0.00727622 -0.00635143 
-23 -0.0103434 -0.00608343 -0.00623401 
-22 -0.005315 -0.00173028 -0.00613903 
-21 -0.0073402 0.000380613 -0.00974843 
-20 -0.0105373 0.00077039 -0.0122329 
-19 -0.011797 0.00121731 -0.01014 
-18 -0.0141103 0.00535464 -0.00872763 
-17 -0.0149333 -0.000183988 -0.0097968 
-16 -0.0120721 0.00194822 -0.0111725 
-15 -0.0189536 0.00192926 -0.0110506 
-14 -0.0158812 0.00463773 -0.00898906 
-13 -0.0109646 0.000808507 -0.00622213 
-12 -0.0144871 -0.00159545 -0.00404814 
-11 -0.0153442 -0.00643479 -0.00444151 
-10 -0.0138728 -0.00621476 -0.000327366 
-9 -0.0144363 -0.0071395 0.00102922 
-8 -0.0111388 -0.00763216 -0.000770268 
-7 -0.00837941 -0.00880244 -3.02882e-05 
-6 -0.00666514 -0.00635057 0.00134871 
-5 -0.00784148 -0.00485085 0.000876397 
-4 -0.00680303 -0.00396169 -0.00173419 
-3 -0.0072773 -0.00314152 -0.00539623 
-2 -0.0110046 -0.0049202 -0.00715912 
-1 -0.0123508 -0.0051556 -0.00941995 
0 -0.00622617 -0.00603779 -0.0228057 
1 0.00366168 -0.0168763 -0.0402524 
2 0.00661155 -0.0162818 -0.0453773 
3 0.00758959 -0.0137515 -0.0429537 
4 0.0068498 -0.0161498 -0.0415296 
5 0.00497464 -0.0172889 -0.0446831 
6 0.00562035 -0.0174087 -0.0435593 
7 0.00563658 -0.018954 -0.0424039 
8 0.00296593 -0.0208664 -0.0411257 
9 0.00593896 -0.0193793 -0.0407336 
10 0.00795225 -0.0187495 -0.033887 
11 0.00947846 -0.0189669 -0.0341191 
12 0.012236 -0.0201346 -0.0297667 
13 0.0106139 -0.0221801 -0.0272372 
14 0.0104285 -0.0214026 -0.024533 
15 0.00875479 -0.020039 -0.0213555 
16 0.00798688 -0.0203543 -0.0222124 
17 0.0092956 -0.0219466 -0.0212684 
18 0.0098557 -0.021786 -0.0213407 
19 0.0101479 -0.0223479 -0.0186739 
20 0.00914926 -0.0247383 -0.016955 
21 0.0109727 -0.0265408 -0.0170095 
22 0.0112 -0.024611 -0.0161437 
23 0.0114703 -0.0264325 -0.0131338 
24 0.00763279 -0.0264157 -0.0110086 
25 0.00841721 -0.0251558 -0.0123233 
26 0.00944866 -0.0260709 -0.00989419 
27 0.0122481 -0.0270551 -0.0138824 
28 0.00769176 -0.0270664 -0.0154449 
29 0.00543118 -0.0283677 -0.01227 
30 0.00677942 -0.0289679 -0.0141868 
